5 0.3922334558823529 0.322610294117647 0.09237132352941181 0.2591911764705882
5 0.50390625 0.44577205882352944 0.03170955882352942 0.06433823529411768
5 0.28125 0.4715073529411765 0.01378676470588239 0.04227941176470587
5 0.3687959558823529 0.4834558823529412 0.01240808823529413 0.03308823529411761
5 0.48529411764705876 0.4724264705882353 0.01654411764705884 0.029411764705882318
5 0.667279411764706 0.4788602941176471 0.01378676470588232 0.02022058823529413
5 0.9147518382352942 0.5220588235294117 0.0179227941176471 0.04779411764705877
5 0.8982077205882352 0.5248161764705883 0.00965073529411768 0.02757352941176471
5 0.7693014705882352 0.5248161764705883 0.01378676470588232 0.016544117647058768
5 0.71484375 0.5487132352941176 0.037224264705882464 0.02389705882352949
5 0.6073069852941176 0.48161764705882354 0.0179227941176471 0.0257352941176471
